140,1
140,0
10,247
10,271
10,227
10,209
10,79
10,19
11,22
11,5
11,25
11,9
11,6
9,5
8,11
8,8
139,35
139,1
138,3
138,2
138,1
138,0
137,3
137,2
137,1
137,0
20,3
20,2
20,1
19,3
19,2
19,1
12,3
12,2
12,1
11,29
11,27
11,26
11,24
11,20
11,16
11,15
11,3
11,2
11,1
10,305
10,301
10,256
10,233
10,224
10,219
10,201
10,198
10,190
10,120
10,111
18,1
18,3
10,104
14,1
10,98
14,3
10,93
13,1
13,3
10,23
10,4
10,3
10,2
10,1
9,7
9,6
9,4
9,3
9,2
9,1
8,18
8,17
8,16
8,15
8,14
8,12
8,7
8,6
8,4
8,3
8,2
8,1
3,3
3,2
3,1
0,519
0,518
0,517
0,516
0,515
0,514
0,513
0,512
0,511
0,510
0,509
0,508
0,507
0,506
